{
 "cells": [
  {
   "cell_type": "code",
   "execution_count": 9,
   "metadata": {},
   "outputs": [],
   "source": [
    "import SimpleITK as sitk\n",
    "import numpy as np\n",
    "\n",
    "def check_image_properties(image, name=\"Image\"):\n",
    "    \"\"\"\n",
    "    Print image properties for debugging\n",
    "    \"\"\"\n",
    "    print(f\"\\n{name} Properties:\")\n",
    "    print(f\"  Size: {image.GetSize()}\")\n",
    "    print(f\"  Spacing: {image.GetSpacing()}\")\n",
    "    print(f\"  Origin: {image.GetOrigin()}\")\n",
    "    print(f\"  Physical size: {[s*sp for s, sp in zip(image.GetSize(), image.GetSpacing())]}\")\n",
    "\n",
    "def simple_rigid_registration(fixed_image, moving_image, output_path=None, \n",
    "                             original_cb_size=[512, 512, 90]):\n",
    "    \"\"\"\n",
    "    Simplified rigid registration that handles size differences more robustly\n",
    "    \n",
    "    Args:\n",
    "        fixed_image_path: Path to CT image e.g. (512x512x512)\n",
    "        moving_image_path: Path to Cone Beam image e.g. (128x128x128)\n",
    "        output_path: Optional path to save registered image\n",
    "        original_cb_size: Original cone beam dimensions before downsampling\n",
    "    \n",
    "    Returns:\n",
    "        registered_image: The registered cone beam image\n",
    "        transform: The computed transformation\n",
    "    \"\"\"\n",
    "\n",
    "    \n",
    "    check_image_properties(fixed_image, \"Fixed (CT)\")\n",
    "    check_image_properties(moving_image, \"Moving (Cone Beam - small)\")\n",
    "    \n",
    "    # Simple approach: Scale up the cone beam using the size ratio\n",
    "    current_size = list(moving_image.GetSize())\n",
    "    scale_factors = [original_cb_size[i] / current_size[i] for i in range(3)]\n",
    "    \n",
    "    print(f\"Scale factors: {scale_factors}\")\n",
    "    \n",
    "    # Create a new image with target size and adjusted spacing\n",
    "    current_spacing = list(moving_image.GetSpacing())\n",
    "    # Keep spacing roughly the same physical scale\n",
    "    new_spacing = [current_spacing[i] / scale_factors[i] for i in range(3)]\n",
    "    \n",
    "    # Ensure no zero or negative spacing\n",
    "    new_spacing = [max(0.1, abs(s)) for s in new_spacing]\n",
    "    \n",
    "    print(f\"New spacing: {new_spacing}\")\n",
    "    \n",
    "    # Resample to larger size\n",
    "    scaled_moving = sitk.Resample(\n",
    "        moving_image,\n",
    "        original_cb_size,\n",
    "        sitk.Transform(),\n",
    "        sitk.sitkLinear,\n",
    "        moving_image.GetOrigin(),\n",
    "        new_spacing,\n",
    "        moving_image.GetDirection(),\n",
    "        0.0,\n",
    "        moving_image.GetPixelID()\n",
    "    )\n",
    "    \n",
    "    check_image_properties(scaled_moving, \"Scaled Moving\")\n",
    "    \n",
    "    # Registration setup\n",
    "    registration_method = sitk.ImageRegistrationMethod()\n",
    "    \n",
    "    registration_method.SetMetricAsCorrelation()\n",
    "        \n",
    "    # Set optimizer\n",
    "    registration_method.SetOptimizerAsRegularStepGradientDescent(\n",
    "        learningRate=0.3,\n",
    "        minStep=1e-9,\n",
    "        numberOfIterations=200,\n",
    "        maximumStepSizeInPhysicalUnits=1.0\n",
    "    )\n",
    "    registration_method.SetOptimizerScalesFromPhysicalShift()\n",
    "    \n",
    "    # Set initial transform\n",
    "    initial_transform = sitk.CenteredTransformInitializer(\n",
    "        fixed_image,\n",
    "        scaled_moving,\n",
    "        sitk.Euler3DTransform(),\n",
    "        sitk.CenteredTransformInitializerFilter.MOMENTS\n",
    "    )\n",
    "    registration_method.SetInitialTransform(initial_transform, inPlace=False)\n",
    "    registration_method.SetInterpolator(sitk.sitkLinear)\n",
    "\n",
    "    # Add multi-resolution strategy for better convergence\n",
    "    registration_method.SetShrinkFactorsPerLevel(shrinkFactors=[8, 4, 2, 1])\n",
    "    registration_method.SetSmoothingSigmasPerLevel(smoothingSigmas=[4, 2, 1, 0])\n",
    "    registration_method.SmoothingSigmasAreSpecifiedInPhysicalUnitsOn()\n",
    "    \n",
    "    \n",
    "    # Execute registration\n",
    "    print(\"Starting registration...\")\n",
    "    final_transform = registration_method.Execute(fixed_image, scaled_moving)\n",
    "    \n",
    "    print(f\"Final metric value: {registration_method.GetMetricValue()}\")\n",
    "    \n",
    "    # Apply transform\n",
    "    registered_image = sitk.Resample(\n",
    "        scaled_moving,\n",
    "        fixed_image,\n",
    "        final_transform,\n",
    "        sitk.sitkLinear,\n",
    "        0.0,\n",
    "        scaled_moving.GetPixelID()\n",
    "    )\n",
    "\n",
    "    if output_path != None:\n",
    "        # Write images to disk\n",
    "        print(\"Saving images\")\n",
    "        sitk.WriteImage(fixed_image, output_path + f\"scan-{output_path.split(\"/\")[-2]}-fixed_image.nii.gz\")\n",
    "        sitk.WriteImage(moving_image, output_path + f\"scan-{output_path.split(\"/\")[-2]}-moving_image.nii.gz\")\n",
    "        sitk.WriteImage(scaled_moving, output_path + f\"scan-{output_path.split(\"/\")[-2]}-scaled_moving.nii.gz\")\n",
    "        sitk.WriteImage(registered_image, output_path + f\"scan-{output_path.split(\"/\")[-2]}-registered_img.nii.gz\")\n",
    "    \n",
    "    return registered_image, final_transform, scaled_moving\n",
    "\n"
   ]
  },
  {
   "cell_type": "markdown",
   "id": "d8119be9",
   "metadata": {},
   "source": [
    "### Pelvis (child)"
   ]
  },
  {
   "cell_type": "code",
   "execution_count": null,
   "id": "bc5bf41f",
   "metadata": {},
   "outputs": [
    {
     "name": "stdout",
     "output_type": "stream",
     "text": [
      "Loading images...\n",
      "Varian image size:  (512, 512, 90)\n"
     ]
    }
   ],
   "source": [
    "ct_path = \"\"\n",
    "cb_path = \"\"\n",
    "output_path = \"\"\n",
    "varianCBCT_path = \"\"\n",
    "inputCBCT_path = \"\"\n",
    "\n",
    "\n",
    "# Read images\n",
    "print(\"Loading images...\")\n",
    "fixed_image = sitk.ReadImage(ct_path, sitk.sitkFloat32)\n",
    "\n",
    "# Flip the CT image along the Z-axis (superior-inferior)\n",
    "fixed_image_flipped = sitk.Flip(fixed_image, [False, False, True], flipAboutOrigin=True)\n",
    "\n",
    "moving_image = sitk.ReadImage(cb_path, sitk.sitkFloat32)\n",
    "#Flip Generated CBCT\n",
    "moving_image_flipped = sitk.Flip(moving_image, flipAxes=(True, False, False), flipAboutOrigin=True)\n",
    "\n",
    "\n",
    "#Load and flip input CBCT\n",
    "input_moving_image = sitk.ReadImage(inputCBCT_path, sitk.sitkFloat32)\n",
    "#Flip Generated CBCT\n",
    "input_moving_image_flipped = sitk.Flip(input_moving_image, flipAxes=(True, False, False), flipAboutOrigin=True)\n",
    "\n",
    "\n",
    "varian_moving_image = sitk.ReadImage(varianCBCT_path, sitk.sitkFloat32)\n",
    "\n",
    "varian_size = varian_moving_image.GetSize()\n",
    "print(\"Varian image size: \", varian_size)\n"
   ]
  },
  {
   "cell_type": "code",
   "execution_count": 24,
   "id": "a6e38543",
   "metadata": {},
   "outputs": [
    {
     "name": "stdout",
     "output_type": "stream",
     "text": [
      "\n",
      "Fixed (CT) Properties:\n",
      "  Size: (512, 512, 563)\n",
      "  Spacing: (0.9765625, 0.9765625, 1.0)\n",
      "  Origin: (249.51171875, 72.01171875, -193.79998779296875)\n",
      "  Physical size: [500.0, 500.0, 563.0]\n",
      "\n",
      "Moving (Cone Beam - small) Properties:\n",
      "  Size: (512, 512, 93)\n",
      "  Spacing: (0.5111907124519348, 0.5111907124519348, 1.9897245168685913)\n",
      "  Origin: (261.7296447753906, -0.5111907124519348, 1.9897245168685913)\n",
      "  Physical size: [261.7296447753906, 261.7296447753906, 185.044380068779]\n",
      "Scale factors: [1.0, 1.0, 0.967741935483871]\n",
      "New spacing: [0.5111907124519348, 0.5111907124519348, 2.0560486674308778]\n",
      "\n",
      "Scaled Moving Properties:\n",
      "  Size: (512, 512, 90)\n",
      "  Spacing: (0.5111907124519348, 0.5111907124519348, 2.0560486674308778)\n",
      "  Origin: (261.7296447753906, -0.5111907124519348, 1.9897245168685913)\n",
      "  Physical size: [261.7296447753906, 261.7296447753906, 185.044380068779]\n",
      "Starting registration...\n",
      "Final metric value: -0.1452445426951073\n",
      "Saving images\n",
      "itk::simple::CompositeTransform\n",
      " CompositeTransform (0x115c980)\n",
      "   RTTI typeinfo:   itk::CompositeTransform<double, 3u>\n",
      "   Reference Count: 1\n",
      "   Modified Time: 84544\n",
      "   Debug: Off\n",
      "   Object Name: \n",
      "   Observers: \n",
      "     none\n",
      "   TransformQueue: \n",
      "   >>>>>>>>>\n",
      "   Euler3DTransform (0x144b0c0)\n",
      "     RTTI typeinfo:   itk::Euler3DTransform<double>\n",
      "     Reference Count: 1\n",
      "     Modified Time: 84534\n",
      "     Debug: Off\n",
      "     Object Name: \n",
      "     Observers: \n",
      "       none\n",
      "     Matrix: \n",
      "       0.726944 0.110753 0.677706 \n",
      "       -0.585218 0.616248 0.527028 \n",
      "       -0.359265 -0.779726 0.512793 \n",
      "     Offset: [557.631, 199.253, 241.732]\n",
      "     Center: [-0.224772, -181.259, -479.523]\n",
      "     Translation: [212.642, 16.2213, 616.773]\n",
      "     Inverse: \n",
      "       0.726944 -0.585218 -0.359265 \n",
      "       0.110753 0.616248 -0.779726 \n",
      "       0.677706 0.527028 0.512793 \n",
      "     Singular: 0\n",
      "     AngleX: -0.894227\n",
      "     AngleY: 0.611132\n",
      "     AngleZ: -0.177823\n",
      "     ComputeZYX: Off\n",
      "   TransformsToOptimizeFlags: \n",
      "           1 \n",
      "   TransformsToOptimizeQueue: \n",
      "   PreviousTransformsToOptimizeUpdateTime: 0\n",
      "\n"
     ]
    }
   ],
   "source": [
    "inputRegisteredImg, inputTransform, scaledInputMoving = simple_rigid_registration(fixed_image_flipped, input_moving_image_flipped, output_path+\"input/\", varian_size)\n",
    "print(inputTransform)"
   ]
  },
  {
   "cell_type": "code",
   "execution_count": 11,
   "id": "61a7e544",
   "metadata": {},
   "outputs": [
    {
     "name": "stdout",
     "output_type": "stream",
     "text": [
      "\n",
      "Fixed (CT) Properties:\n",
      "  Size: (512, 512, 563)\n",
      "  Spacing: (0.9765625, 0.9765625, 1.0)\n",
      "  Origin: (249.51171875, 72.01171875, -193.79998779296875)\n",
      "  Physical size: [500.0, 500.0, 563.0]\n",
      "\n",
      "Moving (Cone Beam - small) Properties:\n",
      "  Size: (512, 512, 90)\n",
      "  Spacing: (0.5111907124519348, 0.5111907124519348, 1.9897245168685913)\n",
      "  Origin: (130.60923767089844, 130.60923767089844, 85.55815887451172)\n",
      "  Physical size: [261.7296447753906, 261.7296447753906, 179.07520651817322]\n",
      "Scale factors: [1.0, 1.0, 1.0]\n",
      "New spacing: [0.5111907124519348, 0.5111907124519348, 1.9897245168685913]\n",
      "\n",
      "Scaled Moving Properties:\n",
      "  Size: (512, 512, 90)\n",
      "  Spacing: (0.5111907124519348, 0.5111907124519348, 1.9897245168685913)\n",
      "  Origin: (130.60923767089844, 130.60923767089844, 85.55815887451172)\n",
      "  Physical size: [261.7296447753906, 261.7296447753906, 179.07520651817322]\n",
      "Starting registration...\n",
      "Final metric value: -0.8265088641937333\n",
      "Saving images\n",
      "itk::simple::CompositeTransform\n",
      " CompositeTransform (0x173c480)\n",
      "   RTTI typeinfo:   itk::CompositeTransform<double, 3u>\n",
      "   Reference Count: 1\n",
      "   Modified Time: 38006\n",
      "   Debug: Off\n",
      "   Object Name: \n",
      "   Observers: \n",
      "     none\n",
      "   TransformQueue: \n",
      "   >>>>>>>>>\n",
      "   Euler3DTransform (0xfda9a0)\n",
      "     RTTI typeinfo:   itk::Euler3DTransform<double>\n",
      "     Reference Count: 1\n",
      "     Modified Time: 37996\n",
      "     Debug: Off\n",
      "     Object Name: \n",
      "     Observers: \n",
      "       none\n",
      "     Matrix: \n",
      "       0.998129 -0.00459108 0.0609663 \n",
      "       0.00313768 0.999709 0.0239138 \n",
      "       -0.0610583 -0.0236778 0.997853 \n",
      "     Offset: [32.562, 210.617, 357.322]\n",
      "     Center: [-0.224772, -181.259, -479.523]\n",
      "     Translation: [4.15988, 199.202, 362.657]\n",
      "     Inverse: \n",
      "       0.998129 0.00313768 -0.0610583 \n",
      "       -0.00459108 0.999709 -0.0236778 \n",
      "       0.0609663 0.0239138 0.997853 \n",
      "     Singular: 0\n",
      "     AngleX: -0.02368\n",
      "     AngleY: 0.0611135\n",
      "     AngleZ: 0.00459239\n",
      "     ComputeZYX: Off\n",
      "   TransformsToOptimizeFlags: \n",
      "           1 \n",
      "   TransformsToOptimizeQueue: \n",
      "   PreviousTransformsToOptimizeUpdateTime: 0\n",
      "\n"
     ]
    }
   ],
   "source": [
    "\n",
    "varianRegisteredImg, varianTransform, scaledVarianMoving = simple_rigid_registration(fixed_image_flipped, varian_moving_image, output_path+\"varian/\", varian_size)\n",
    "print(varianTransform)\n"
   ]
  },
  {
   "cell_type": "code",
   "execution_count": 12,
   "id": "6bcb5ef3",
   "metadata": {},
   "outputs": [
    {
     "name": "stdout",
     "output_type": "stream",
     "text": [
      "\n",
      "Fixed (CT) Properties:\n",
      "  Size: (512, 512, 563)\n",
      "  Spacing: (0.9765625, 0.9765625, 1.0)\n",
      "  Origin: (249.51171875, 72.01171875, -193.79998779296875)\n",
      "  Physical size: [500.0, 500.0, 563.0]\n",
      "\n",
      "Moving (Cone Beam - small) Properties:\n",
      "  Size: (128, 128, 128)\n",
      "  Spacing: (2.0447628498077393, 2.0447628498077393, 1.4456591606140137)\n",
      "  Origin: (260.1960726380348, -0.5111907124519348, 1.9897245168685913)\n",
      "  Physical size: [261.7296447753906, 261.7296447753906, 185.04437255859375]\n",
      "Scale factors: [4.0, 4.0, 0.703125]\n",
      "New spacing: [0.5111907124519348, 0.5111907124519348, 2.056048583984375]\n",
      "\n",
      "Scaled Moving Properties:\n",
      "  Size: (512, 512, 90)\n",
      "  Spacing: (0.5111907124519348, 0.5111907124519348, 2.056048583984375)\n",
      "  Origin: (260.1960726380348, -0.5111907124519348, 1.9897245168685913)\n",
      "  Physical size: [261.7296447753906, 261.7296447753906, 185.04437255859378]\n",
      "Starting registration...\n",
      "Final metric value: -0.053344673380313214\n",
      "Saving images\n",
      "\n",
      "Transformation parameters:\n",
      "itk::simple::CompositeTransform\n",
      " CompositeTransform (0x28eb440)\n",
      "   RTTI typeinfo:   itk::CompositeTransform<double, 3u>\n",
      "   Reference Count: 1\n",
      "   Modified Time: 44290\n",
      "   Debug: Off\n",
      "   Object Name: \n",
      "   Observers: \n",
      "     none\n",
      "   TransformQueue: \n",
      "   >>>>>>>>>\n",
      "   Euler3DTransform (0x16280f0)\n",
      "     RTTI typeinfo:   itk::Euler3DTransform<double>\n",
      "     Reference Count: 1\n",
      "     Modified Time: 44280\n",
      "     Debug: Off\n",
      "     Object Name: \n",
      "     Observers: \n",
      "       none\n",
      "     Matrix: \n",
      "       0.976244 -0.124469 0.177355 \n",
      "       0.091243 0.978582 0.184534 \n",
      "       -0.196525 -0.163968 0.966692 \n",
      "     Offset: [275.901, 146.393, 659.048]\n",
      "     Center: [-0.224772, -181.259, -479.523]\n",
      "     Translation: [213.421, 61.766, 704.785]\n",
      "     Inverse: \n",
      "       0.976244 0.091243 -0.196525 \n",
      "       -0.124469 0.978582 -0.163968 \n",
      "       0.177355 0.184534 0.966692 \n",
      "     Singular: 0\n",
      "     AngleX: -0.164712\n",
      "     AngleY: 0.200563\n",
      "     AngleZ: 0.126514\n",
      "     ComputeZYX: Off\n",
      "   TransformsToOptimizeFlags: \n",
      "           1 \n",
      "   TransformsToOptimizeQueue: \n",
      "   PreviousTransformsToOptimizeUpdateTime: 0\n",
      "\n"
     ]
    }
   ],
   "source": [
    "# Perform registration\n",
    "registered_img, transform, scaled_moving = simple_rigid_registration(fixed_image_flipped, moving_image_flipped, output_path, varian_size)\n",
    "\n",
    "# Print transformation parameters\n",
    "print(\"\\nTransformation parameters:\")\n",
    "print(transform)\n"
   ]
  },
  {
   "cell_type": "markdown",
   "id": "5625a0c5",
   "metadata": {},
   "source": [
    "### Head scan"
   ]
  },
  {
   "cell_type": "code",
   "execution_count": null,
   "id": "914586fd",
   "metadata": {},
   "outputs": [
    {
     "name": "stdout",
     "output_type": "stream",
     "text": [
      "Loading images...\n",
      "Varian image size:  (512, 512, 93)\n"
     ]
    }
   ],
   "source": [
    "ct_path = \"\"\n",
    "cb_path = \"\"\n",
    "output_path = \"\"\n",
    "varianCBCT_path = \"\"\n",
    "inputCBCT_path = \"\"\n",
    "\n",
    "\n",
    "\n",
    "# Read images\n",
    "print(\"Loading images...\")\n",
    "fixed_image = sitk.ReadImage(ct_path, sitk.sitkFloat32)\n",
    "\n",
    "# Flip the CT image along the Z-axis (superior-inferior)\n",
    "fixed_image_flipped = sitk.Flip(fixed_image, [False, False, True], flipAboutOrigin=True)\n",
    "\n",
    "moving_image = sitk.ReadImage(cb_path, sitk.sitkFloat32)\n",
    "#Flip Generated CBCT\n",
    "moving_image_flipped = sitk.Flip(moving_image, flipAxes=(True, False, False), flipAboutOrigin=True)\n",
    "\n",
    "\n",
    "#Load and flip input CBCT\n",
    "input_moving_image = sitk.ReadImage(inputCBCT_path, sitk.sitkFloat32)\n",
    "#Flip Generated CBCT\n",
    "input_moving_image_flipped = sitk.Flip(input_moving_image, flipAxes=(True, False, False), flipAboutOrigin=True)\n",
    "\n",
    "\n",
    "varian_moving_image = sitk.ReadImage(varianCBCT_path, sitk.sitkFloat32)\n",
    "\n",
    "varian_size = varian_moving_image.GetSize()\n",
    "print(\"Varian image size: \", varian_size)"
   ]
  },
  {
   "cell_type": "code",
   "execution_count": 26,
   "id": "2a32818a",
   "metadata": {},
   "outputs": [
    {
     "name": "stdout",
     "output_type": "stream",
     "text": [
      "\n",
      "Fixed (CT) Properties:\n",
      "  Size: (512, 512, 204)\n",
      "  Spacing: (1.5234375, 1.5234375, 2.0)\n",
      "  Origin: (389.23828125, 174.73828125, -226.0)\n",
      "  Physical size: [780.0, 780.0, 408.0]\n",
      "\n",
      "Moving (Cone Beam - small) Properties:\n",
      "  Size: (512, 512, 93)\n",
      "  Spacing: (0.5111907124519348, 0.5111907124519348, 1.9897245168685913)\n",
      "  Origin: (261.7296447753906, -0.5111907124519348, 1.9897245168685913)\n",
      "  Physical size: [261.7296447753906, 261.7296447753906, 185.044380068779]\n",
      "Scale factors: [1.0, 1.0, 1.0]\n",
      "New spacing: [0.5111907124519348, 0.5111907124519348, 1.9897245168685913]\n",
      "\n",
      "Scaled Moving Properties:\n",
      "  Size: (512, 512, 93)\n",
      "  Spacing: (0.5111907124519348, 0.5111907124519348, 1.9897245168685913)\n",
      "  Origin: (261.7296447753906, -0.5111907124519348, 1.9897245168685913)\n",
      "  Physical size: [261.7296447753906, 261.7296447753906, 185.044380068779]\n",
      "Starting registration...\n",
      "Final metric value: -0.6306553844707264\n",
      "Saving images\n",
      "itk::simple::CompositeTransform\n",
      " CompositeTransform (0x12b7300)\n",
      "   RTTI typeinfo:   itk::CompositeTransform<double, 3u>\n",
      "   Reference Count: 1\n",
      "   Modified Time: 89526\n",
      "   Debug: Off\n",
      "   Object Name: \n",
      "   Observers: \n",
      "     none\n",
      "   TransformQueue: \n",
      "   >>>>>>>>>\n",
      "   Euler3DTransform (0xfc5d70)\n",
      "     RTTI typeinfo:   itk::Euler3DTransform<double>\n",
      "     Reference Count: 1\n",
      "     Modified Time: 89516\n",
      "     Debug: Off\n",
      "     Object Name: \n",
      "     Observers: \n",
      "       none\n",
      "     Matrix: \n",
      "       0.999976 -0.00246338 0.00651659 \n",
      "       0.00241879 0.999974 0.00684123 \n",
      "       -0.00653327 -0.0068253 0.999955 \n",
      "     Offset: [124.757, 122.234, 513.496]\n",
      "     Center: [-0.188845, -222.511, -423.911]\n",
      "     Translation: [122.542, 119.339, 515.035]\n",
      "     Inverse: \n",
      "       0.999976 0.00241879 -0.00653327 \n",
      "       -0.00246338 0.999974 -0.0068253 \n",
      "       0.00651659 0.00684123 0.999955 \n",
      "     Singular: 0\n",
      "     AngleX: -0.00682535\n",
      "     AngleY: 0.00653347\n",
      "     AngleZ: 0.00246344\n",
      "     ComputeZYX: Off\n",
      "   TransformsToOptimizeFlags: \n",
      "           1 \n",
      "   TransformsToOptimizeQueue: \n",
      "   PreviousTransformsToOptimizeUpdateTime: 0\n",
      "\n"
     ]
    }
   ],
   "source": [
    "inputRegisteredImg, inputTransform, scaledInputMoving = simple_rigid_registration(fixed_image_flipped, input_moving_image_flipped, output_path+\"input/\", varian_size)\n",
    "print(inputTransform)"
   ]
  },
  {
   "cell_type": "code",
   "execution_count": 13,
   "id": "ba44b949",
   "metadata": {},
   "outputs": [
    {
     "name": "stdout",
     "output_type": "stream",
     "text": [
      "Loading images...\n",
      "Varian image size:  (512, 512, 93)\n",
      "\n",
      "Fixed (CT) Properties:\n",
      "  Size: (512, 512, 204)\n",
      "  Spacing: (1.5234375, 1.5234375, 2.0)\n",
      "  Origin: (389.23828125, 174.73828125, -226.0)\n",
      "  Physical size: [780.0, 780.0, 408.0]\n",
      "\n",
      "Moving (Cone Beam - small) Properties:\n",
      "  Size: (512, 512, 93)\n",
      "  Spacing: (0.5111907124519348, 0.5111907124519348, 1.9897245168685913)\n",
      "  Origin: (130.60923767089844, 130.60923767089844, 91.52732849121094)\n",
      "  Physical size: [261.7296447753906, 261.7296447753906, 185.044380068779]\n",
      "Scale factors: [1.0, 1.0, 1.0]\n",
      "New spacing: [0.5111907124519348, 0.5111907124519348, 1.9897245168685913]\n",
      "\n",
      "Scaled Moving Properties:\n",
      "  Size: (512, 512, 93)\n",
      "  Spacing: (0.5111907124519348, 0.5111907124519348, 1.9897245168685913)\n",
      "  Origin: (130.60923767089844, 130.60923767089844, 91.52732849121094)\n",
      "  Physical size: [261.7296447753906, 261.7296447753906, 185.044380068779]\n",
      "Starting registration...\n",
      "Final metric value: -0.7522746508722393\n",
      "Saving images\n",
      "itk::simple::CompositeTransform\n",
      " CompositeTransform (0x115c980)\n",
      "   RTTI typeinfo:   itk::CompositeTransform<double, 3u>\n",
      "   Reference Count: 1\n",
      "   Modified Time: 48877\n",
      "   Debug: Off\n",
      "   Object Name: \n",
      "   Observers: \n",
      "     none\n",
      "   TransformQueue: \n",
      "   >>>>>>>>>\n",
      "   Euler3DTransform (0x144b0c0)\n",
      "     RTTI typeinfo:   itk::Euler3DTransform<double>\n",
      "     Reference Count: 1\n",
      "     Modified Time: 48867\n",
      "     Debug: Off\n",
      "     Object Name: \n",
      "     Observers: \n",
      "       none\n",
      "     Matrix: \n",
      "       0.999963 -0.0027288 0.00816535 \n",
      "       0.00252698 0.999694 0.0246246 \n",
      "       -0.00823004 -0.024603 0.999663 \n",
      "     Offset: [-5.64351, 260.833, 411.677]\n",
      "     Center: [-0.188845, -222.511, -423.911]\n",
      "     Translation: [-8.4977, 250.462, 417.296]\n",
      "     Inverse: \n",
      "       0.999963 0.00252698 -0.00823004 \n",
      "       -0.0027288 0.999694 -0.024603 \n",
      "       0.00816535 0.0246246 0.999663 \n",
      "     Singular: 0\n",
      "     AngleX: -0.0246055\n",
      "     AngleY: 0.00823263\n",
      "     AngleZ: 0.00272963\n",
      "     ComputeZYX: Off\n",
      "   TransformsToOptimizeFlags: \n",
      "           1 \n",
      "   TransformsToOptimizeQueue: \n",
      "   PreviousTransformsToOptimizeUpdateTime: 0\n",
      "\n"
     ]
    }
   ],
   "source": [
    "varianRegisteredImg, varianTransform, scaledVarianMoving = simple_rigid_registration(fixed_image_flipped, varian_moving_image, output_path+\"varian/\", varian_size)\n",
    "print(varianTransform)\n"
   ]
  },
  {
   "cell_type": "code",
   "execution_count": 14,
   "id": "d3cf6205",
   "metadata": {},
   "outputs": [
    {
     "name": "stdout",
     "output_type": "stream",
     "text": [
      "\n",
      "Fixed (CT) Properties:\n",
      "  Size: (512, 512, 204)\n",
      "  Spacing: (1.5234375, 1.5234375, 2.0)\n",
      "  Origin: (389.23828125, 174.73828125, -226.0)\n",
      "  Physical size: [780.0, 780.0, 408.0]\n",
      "\n",
      "Moving (Cone Beam - small) Properties:\n",
      "  Size: (128, 128, 128)\n",
      "  Spacing: (2.0447628498077393, 2.0447628498077393, 1.4456591606140137)\n",
      "  Origin: (260.1960726380348, -0.5111907124519348, 1.9897245168685913)\n",
      "  Physical size: [261.7296447753906, 261.7296447753906, 185.04437255859375]\n",
      "Scale factors: [4.0, 4.0, 0.7265625]\n",
      "New spacing: [0.5111907124519348, 0.5111907124519348, 1.9897244361139113]\n",
      "\n",
      "Scaled Moving Properties:\n",
      "  Size: (512, 512, 93)\n",
      "  Spacing: (0.5111907124519348, 0.5111907124519348, 1.9897244361139113)\n",
      "  Origin: (260.1960726380348, -0.5111907124519348, 1.9897245168685913)\n",
      "  Physical size: [261.7296447753906, 261.7296447753906, 185.04437255859375]\n",
      "Starting registration...\n",
      "Final metric value: -0.4959804588514615\n",
      "Saving images\n",
      "\n",
      "Transformation parameters:\n",
      "itk::simple::CompositeTransform\n",
      " CompositeTransform (0x115a940)\n",
      "   RTTI typeinfo:   itk::CompositeTransform<double, 3u>\n",
      "   Reference Count: 1\n",
      "   Modified Time: 53215\n",
      "   Debug: Off\n",
      "   Object Name: \n",
      "   Observers: \n",
      "     none\n",
      "   TransformQueue: \n",
      "   >>>>>>>>>\n",
      "   Euler3DTransform (0x1443460)\n",
      "     RTTI typeinfo:   itk::Euler3DTransform<double>\n",
      "     Reference Count: 1\n",
      "     Modified Time: 53205\n",
      "     Debug: Off\n",
      "     Object Name: \n",
      "     Observers: \n",
      "       none\n",
      "     Matrix: \n",
      "       0.999734 -0.0224302 0.00529281 \n",
      "       0.0223889 0.999719 0.007738 \n",
      "       -0.00546489 -0.00761745 0.999956 \n",
      "     Offset: [120.868, 128.12, 529.091]\n",
      "     Center: [-0.188845, -222.511, -423.911]\n",
      "     Translation: [123.615, 124.898, 530.805]\n",
      "     Inverse: \n",
      "       0.999734 0.0223889 -0.00546489 \n",
      "       -0.0224302 0.999719 -0.00761745 \n",
      "       0.00529281 0.007738 0.999956 \n",
      "     Singular: 0\n",
      "     AngleX: -0.00761752\n",
      "     AngleY: 0.00546508\n",
      "     AngleZ: 0.0224328\n",
      "     ComputeZYX: Off\n",
      "   TransformsToOptimizeFlags: \n",
      "           1 \n",
      "   TransformsToOptimizeQueue: \n",
      "   PreviousTransformsToOptimizeUpdateTime: 0\n",
      "\n"
     ]
    }
   ],
   "source": [
    "\n",
    "# Perform registration\n",
    "registered_img, transform, scaled_moving = simple_rigid_registration(fixed_image_flipped, moving_image_flipped, output_path, varian_size)\n",
    "\n",
    "# Print transformation parameters\n",
    "print(\"\\nTransformation parameters:\")\n",
    "print(transform)\n"
   ]
  },
  {
   "cell_type": "markdown",
   "id": "0902842b",
   "metadata": {},
   "source": [
    "### Thorax scan"
   ]
  },
  {
   "cell_type": "code",
   "execution_count": null,
   "id": "b9a9afcf",
   "metadata": {},
   "outputs": [
    {
     "name": "stdout",
     "output_type": "stream",
     "text": [
      "Loading images...\n",
      "Varian image size:  (512, 512, 88)\n"
     ]
    }
   ],
   "source": [
    "ct_path = \"\"\n",
    "cb_path = \"\"\n",
    "output_path = \"\"\n",
    "varianCBCT_path = \"\"\n",
    "inputCBCT_path = \"\"\n",
    "\n",
    "\n",
    "# Read images\n",
    "print(\"Loading images...\")\n",
    "fixed_image = sitk.ReadImage(ct_path, sitk.sitkFloat32)\n",
    "\n",
    "# Flip the CT image along the Z-axis (superior-inferior)\n",
    "fixed_image_flipped = sitk.Flip(fixed_image, [False, False, True], flipAboutOrigin=True)\n",
    "\n",
    "moving_image = sitk.ReadImage(cb_path, sitk.sitkFloat32)\n",
    "#Flip Generated CBCT\n",
    "moving_image_flipped = sitk.Flip(moving_image, flipAxes=(True, False, False), flipAboutOrigin=True)\n",
    "\n",
    "\n",
    "\n",
    "#Load and flip input CBCT\n",
    "input_moving_image = sitk.ReadImage(inputCBCT_path, sitk.sitkFloat32)\n",
    "#Flip Generated CBCT\n",
    "input_moving_image_flipped = sitk.Flip(input_moving_image, flipAxes=(True, False, False), flipAboutOrigin=True)\n",
    "\n",
    "\n",
    "\n",
    "varian_moving_image = sitk.ReadImage(varianCBCT_path, sitk.sitkFloat32)\n",
    "\n",
    "varian_size = varian_moving_image.GetSize()\n",
    "print(\"Varian image size: \", varian_size)\n"
   ]
  },
  {
   "cell_type": "code",
   "execution_count": 28,
   "id": "fd7abed7",
   "metadata": {},
   "outputs": [
    {
     "name": "stdout",
     "output_type": "stream",
     "text": [
      "\n",
      "Fixed (CT) Properties:\n",
      "  Size: (512, 512, 187)\n",
      "  Spacing: (1.3671875, 1.3671875, 2.0)\n",
      "  Origin: (349.31640625, 114.81640625, -293.9000244140625)\n",
      "  Physical size: [700.0, 700.0, 374.0]\n",
      "\n",
      "Moving (Cone Beam - small) Properties:\n",
      "  Size: (512, 512, 87)\n",
      "  Spacing: (0.9080203771591187, 0.9080203771591187, 2.0113463401794434)\n",
      "  Origin: (464.90643310546875, -0.9080203771591187, 2.0113463401794434)\n",
      "  Physical size: [464.90643310546875, 464.90643310546875, 174.98713159561157]\n",
      "Scale factors: [1.0, 1.0, 1.0114942528735633]\n",
      "New spacing: [0.9080203771591187, 0.9080203771591187, 1.9884901317683132]\n",
      "\n",
      "Scaled Moving Properties:\n",
      "  Size: (512, 512, 88)\n",
      "  Spacing: (0.9080203771591187, 0.9080203771591187, 1.9884901317683132)\n",
      "  Origin: (464.90643310546875, -0.9080203771591187, 2.0113463401794434)\n",
      "  Physical size: [464.90643310546875, 464.90643310546875, 174.98713159561157]\n",
      "Starting registration...\n",
      "Final metric value: -0.3834571147994282\n",
      "Saving images\n",
      "itk::simple::CompositeTransform\n",
      " CompositeTransform (0x1dca1b0)\n",
      "   RTTI typeinfo:   itk::CompositeTransform<double, 3u>\n",
      "   Reference Count: 1\n",
      "   Modified Time: 94667\n",
      "   Debug: Off\n",
      "   Object Name: \n",
      "   Observers: \n",
      "     none\n",
      "   TransformQueue: \n",
      "   >>>>>>>>>\n",
      "   Euler3DTransform (0x1735210)\n",
      "     RTTI typeinfo:   itk::Euler3DTransform<double>\n",
      "     Reference Count: 1\n",
      "     Modified Time: 94657\n",
      "     Debug: Off\n",
      "     Object Name: \n",
      "     Observers: \n",
      "       none\n",
      "     Matrix: \n",
      "       0.999659 0.00841359 0.0247077 \n",
      "       -0.00740299 0.999143 -0.0407127 \n",
      "       -0.0250291 0.0405159 0.998865 \n",
      "     Offset: [249.934, -5.83586, 591.83]\n",
      "     Center: [-1.039, -239.797, -479.381]\n",
      "     Translation: [236.072, 13.8941, 582.685]\n",
      "     Inverse: \n",
      "       0.999659 -0.00740299 -0.0250291 \n",
      "       0.00841359 0.999143 0.0405159 \n",
      "       0.0247077 -0.0407127 0.998865 \n",
      "     Singular: 0\n",
      "     AngleX: 0.040527\n",
      "     AngleY: 0.0250523\n",
      "     AngleZ: -0.0084206\n",
      "     ComputeZYX: Off\n",
      "   TransformsToOptimizeFlags: \n",
      "           1 \n",
      "   TransformsToOptimizeQueue: \n",
      "   PreviousTransformsToOptimizeUpdateTime: 0\n",
      "\n"
     ]
    }
   ],
   "source": [
    "\n",
    "inputRegisteredImg, inputTransform, scaledInputMoving = simple_rigid_registration(fixed_image_flipped, input_moving_image_flipped, output_path+\"input/\", varian_size)\n",
    "print(inputTransform)"
   ]
  },
  {
   "cell_type": "code",
   "execution_count": null,
   "id": "74c2fe79",
   "metadata": {},
   "outputs": [
    {
     "name": "stdout",
     "output_type": "stream",
     "text": [
      "Loading images...\n",
      "Varian image size:  (512, 512, 88)\n",
      "\n",
      "Fixed (CT) Properties:\n",
      "  Size: (512, 512, 187)\n",
      "  Spacing: (1.3671875, 1.3671875, 2.0)\n",
      "  Origin: (349.31640625, 114.81640625, -293.9000244140625)\n",
      "  Physical size: [700.0, 700.0, 374.0]\n",
      "\n",
      "Moving (Cone Beam - small) Properties:\n",
      "  Size: (512, 512, 88)\n",
      "  Spacing: (0.9080203771591187, 0.9080203771591187, 1.988490104675293)\n",
      "  Origin: (231.99920654296875, 231.99920654296875, 86.49932098388672)\n",
      "  Physical size: [464.90643310546875, 464.90643310546875, 174.98712921142578]\n",
      "Scale factors: [1.0, 1.0, 1.0]\n",
      "New spacing: [0.9080203771591187, 0.9080203771591187, 1.988490104675293]\n",
      "\n",
      "Scaled Moving Properties:\n",
      "  Size: (512, 512, 88)\n",
      "  Spacing: (0.9080203771591187, 0.9080203771591187, 1.988490104675293)\n",
      "  Origin: (231.99920654296875, 231.99920654296875, 86.49932098388672)\n",
      "  Physical size: [464.90643310546875, 464.90643310546875, 174.98712921142578]\n",
      "Starting registration...\n",
      "Final metric value: -0.8652532210511396\n",
      "Saving images\n",
      "itk::simple::CompositeTransform\n",
      " CompositeTransform (0x173c480)\n",
      "   RTTI typeinfo:   itk::CompositeTransform<double, 3u>\n",
      "   Reference Count: 1\n",
      "   Modified Time: 57706\n",
      "   Debug: Off\n",
      "   Object Name: \n",
      "   Observers: \n",
      "     none\n",
      "   TransformQueue: \n",
      "   >>>>>>>>>\n",
      "   Euler3DTransform (0xfda9a0)\n",
      "     RTTI typeinfo:   itk::Euler3DTransform<double>\n",
      "     Reference Count: 1\n",
      "     Modified Time: 57696\n",
      "     Debug: Off\n",
      "     Object Name: \n",
      "     Observers: \n",
      "       none\n",
      "     Matrix: \n",
      "       0.999953 0.00955094 0.00140196 \n",
      "       -0.00954146 0.999933 -0.00662501 \n",
      "       -0.00146514 0.00661133 0.999977 \n",
      "     Offset: [3.05861, 243.047, 450.34]\n",
      "     Center: [-1.039, -239.797, -479.381]\n",
      "     Translation: [0.096293, 246.249, 448.767]\n",
      "     Inverse: \n",
      "       0.999953 -0.00954146 -0.00146514 \n",
      "       0.00955094 0.999933 0.00661133 \n",
      "       0.00140196 -0.00662501 0.999977 \n",
      "     Singular: 0\n",
      "     AngleX: 0.00661138\n",
      "     AngleY: 0.00146517\n",
      "     AngleZ: -0.0095513\n",
      "     ComputeZYX: Off\n",
      "   TransformsToOptimizeFlags: \n",
      "           1 \n",
      "   TransformsToOptimizeQueue: \n",
      "   PreviousTransformsToOptimizeUpdateTime: 0\n",
      "\n"
     ]
    }
   ],
   "source": [
    "varianRegisteredImg, varianTransform, scaledVarianMoving = simple_rigid_registration(fixed_image_flipped, varian_moving_image, output_path+\"varian/\", varian_size)\n",
    "print(varianTransform)\n"
   ]
  },
  {
   "cell_type": "code",
   "execution_count": 16,
   "id": "abd1d719",
   "metadata": {},
   "outputs": [
    {
     "name": "stdout",
     "output_type": "stream",
     "text": [
      "\n",
      "Fixed (CT) Properties:\n",
      "  Size: (512, 512, 187)\n",
      "  Spacing: (1.3671875, 1.3671875, 2.0)\n",
      "  Origin: (349.31640625, 114.81640625, -293.9000244140625)\n",
      "  Physical size: [700.0, 700.0, 374.0]\n",
      "\n",
      "Moving (Cone Beam - small) Properties:\n",
      "  Size: (128, 128, 128)\n",
      "  Spacing: (3.6320815086364746, 3.6320815086364746, 1.3670870065689087)\n",
      "  Origin: (462.1823719739914, -0.9080203771591187, 2.0113463401794434)\n",
      "  Physical size: [464.90643310546875, 464.90643310546875, 174.9871368408203]\n",
      "Scale factors: [4.0, 4.0, 0.6875]\n",
      "New spacing: [0.9080203771591187, 0.9080203771591187, 1.988490191372958]\n",
      "\n",
      "Scaled Moving Properties:\n",
      "  Size: (512, 512, 88)\n",
      "  Spacing: (0.9080203771591187, 0.9080203771591187, 1.988490191372958)\n",
      "  Origin: (462.1823719739914, -0.9080203771591187, 2.0113463401794434)\n",
      "  Physical size: [464.90643310546875, 464.90643310546875, 174.9871368408203]\n",
      "Starting registration...\n",
      "Final metric value: -0.307162649941052\n",
      "Saving images\n",
      "\n",
      "Transformation parameters:\n",
      "itk::simple::CompositeTransform\n",
      " CompositeTransform (0x28eb440)\n",
      "   RTTI typeinfo:   itk::CompositeTransform<double, 3u>\n",
      "   Reference Count: 1\n",
      "   Modified Time: 62148\n",
      "   Debug: Off\n",
      "   Object Name: \n",
      "   Observers: \n",
      "     none\n",
      "   TransformQueue: \n",
      "   >>>>>>>>>\n",
      "   Euler3DTransform (0x16280f0)\n",
      "     RTTI typeinfo:   itk::Euler3DTransform<double>\n",
      "     Reference Count: 1\n",
      "     Modified Time: 62138\n",
      "     Debug: Off\n",
      "     Object Name: \n",
      "     Observers: \n",
      "       none\n",
      "     Matrix: \n",
      "       0.999576 -0.0238702 0.016681 \n",
      "       0.0239487 0.999703 -0.00452137 \n",
      "       -0.0165681 0.00491894 0.999851 \n",
      "     Offset: [246.118, 25.5182, 599.157]\n",
      "     Center: [-1.039, -239.797, -479.381]\n",
      "     Translation: [243.846, 27.732, 598.066]\n",
      "     Inverse: \n",
      "       0.999576 0.0239487 -0.0165681 \n",
      "       -0.0238702 0.999703 0.00491894 \n",
      "       0.016681 -0.00452137 0.999851 \n",
      "     Singular: 0\n",
      "     AngleX: 0.00491896\n",
      "     AngleY: 0.0165691\n",
      "     AngleZ: 0.0238727\n",
      "     ComputeZYX: Off\n",
      "   TransformsToOptimizeFlags: \n",
      "           1 \n",
      "   TransformsToOptimizeQueue: \n",
      "   PreviousTransformsToOptimizeUpdateTime: 0\n",
      "\n"
     ]
    }
   ],
   "source": [
    "# Perform registration\n",
    "registered_img, transform, scaled_moving = simple_rigid_registration(fixed_image_flipped, moving_image_flipped, output_path, varian_size)\n",
    "\n",
    "# Print transformation parameters\n",
    "print(\"\\nTransformation parameters:\")\n",
    "print(transform)"
   ]
  },
  {
   "cell_type": "code",
   "execution_count": null,
   "id": "cf9e1b09",
   "metadata": {},
   "outputs": [],
   "source": []
  }
 ],
 "metadata": {
  "kernelspec": {
   "display_name": "base",
   "language": "python",
   "name": "python3"
  },
  "language_info": {
   "codemirror_mode": {
    "name": "ipython",
    "version": 3
   },
   "file_extension": ".py",
   "mimetype": "text/x-python",
   "name": "python",
   "nbconvert_exporter": "python",
   "pygments_lexer": "ipython3",
   "version": "3.12.7"
  }
 },
 "nbformat": 4,
 "nbformat_minor": 5
}
